0	0
0.0100000000000000	0.0100003333466672
0.0200000000000000	0.0200026670934024
0.0300000000000000	0.0300090032411807
0.0400000000000000	0.0400213469955146
0.0500000000000000	0.0500417083755388
0.0600000000000000	0.0600721038312973
0.0700000000000000	0.0701145578720027
0.0800000000000000	0.0801711047080726
0.0900000000000000	0.0902437899097855
0.100000000000000	0.100334672085451
0.110000000000000	0.110445824582041
0.120000000000000	0.120579337211305
0.130000000000000	0.130737318004460
0.140000000000000	0.140921894998625
0.150000000000000	0.151135218058295
0.160000000000000	0.161379460735211
0.170000000000000	0.171656822170143
0.180000000000000	0.181969529040198
0.190000000000000	0.192319837555433
0.200000000000000	0.202710035508673
0.210000000000000	0.213142444382645
0.220000000000000	0.223619421518684
0.230000000000000	0.234143362351465
0.240000000000000	0.244716702714465
0.250000000000000	0.255341921221036
0.260000000000000	0.266021541726265
0.270000000000000	0.276758135875031
0.280000000000000	0.287554325741977
0.290000000000000	0.298412786569432
0.300000000000000	0.309336249609623
0.310000000000000	0.320327505077924
0.320000000000000	0.331389405224235
0.330000000000000	0.342524867530039
0.340000000000000	0.353736878039123
0.350000000000000	0.365028494830425
0.360000000000000	0.376402851642027
0.370000000000000	0.387863161655849
0.380000000000000	0.399412721453226
0.390000000000000	0.411054915152214
0.400000000000000	0.422793218738162
0.410000000000000	0.434631204599889
0.420000000000000	0.446572546284595
0.430000000000000	0.458621023485555
0.440000000000000	0.470780527277622
0.450000000000000	0.483055065616578
0.460000000000000	0.495448769119550
0.470000000000000	0.507965897144884
0.480000000000000	0.520610844191258
0.490000000000000	0.533388146637203
0.500000000000000	0.546302489843791
0.510000000000000	0.559358715644945
0.520000000000000	0.572561830251668
0.530000000000000	0.585917012598471
0.540000000000000	0.599429623162490
0.550000000000000	0.613105213288136
0.560000000000000	0.626949535052698
0.570000000000000	0.640968551711156
0.580000000000000	0.655168448761508
0.590000000000000	0.669555645675302
0.600000000000000	0.684136808341692
0.610000000000000	0.698918862277391
0.620000000000000	0.713909006659240
0.630000000000000	0.729114729240969
0.640000000000000	0.744543822220964
0.650000000000000	0.760204399133676
0.660000000000000	0.776104912843664
0.670000000000000	0.792254174728257
0.680000000000000	0.808661375142565
0.690000000000000	0.825336105269025
0.700000000000000	0.842288380463079
0.710000000000000	0.859528665216941
0.720000000000000	0.877067899874834
0.730000000000000	0.894917529245815
0.740000000000000	0.913089533274301
0.750000000000000	0.931596459944073
0.760000000000000	0.950451460608803
0.770000000000000	0.969668327961490
0.780000000000000	0.989261536876605
0.790000000000000	1.00924628838275
0.800000000000000	1.02963855705036
0.810000000000000	1.05045514210883
0.820000000000000	1.07171372264107
0.830000000000000	1.09343291724100
0.840000000000000	1.11563234856154
0.850000000000000	1.13833271322844
0.860000000000000	1.16155585764845
0.870000000000000	1.18532486030081
0.880000000000000	1.20966412116927
0.890000000000000	1.23459945904900
0.900000000000000	1.26015821755034
0.910000000000000	1.28636938072081
0.920000000000000	1.31326369932025
0.930000000000000	1.34087382891283
0.940000000000000	1.36923448108756
0.950000000000000	1.39838258928770
0.960000000000000	1.42835749092361
0.970000000000000	1.45920112766635
0.980000000000000	1.49095826607631
0.990000000000000	1.52367674101790
1	1.55740772465490
1.01000000000000	1.59220602421957
1.02000000000000	1.62813041221255
1.03000000000000	1.66524399323151
1.04000000000000	1.70361461225913
1.05000000000000	1.74331530998317
1.06000000000000	1.78442483159401
1.07000000000000	1.82702819653484
1.08000000000000	1.87121733789788
1.09000000000000	1.91709182160686
1.10000000000000	1.96475965724865
1.11000000000000	2.01433821447683
1.12000000000000	2.06595526138051
1.13000000000000	2.11975014418718
1.14000000000000	2.17587513126488
1.15000000000000	2.23449694875533
1.16000000000000	2.29579854049221
1.17000000000000	2.35998109137655
1.18000000000000	2.42726636140022
1.19000000000000	2.49789938742265
1.20000000000000	2.57215162212632
1.21000000000000	2.65032459497060
1.22000000000000	2.73275419930671
1.23000000000000	2.81981573426815
1.24000000000000	2.91192986115523
1.25000000000000	3.00956967386283
1.26000000000000	3.11326913426513
1.27000000000000	3.22363319020407
1.28000000000000	3.34134998111537
1.29000000000000	3.46720565172139
1.30000000000000	3.60210244796798
1.31000000000000	3.74708097618843
1.32000000000000	3.90334778749662
1.33000000000000	4.07230983546507
1.34000000000000	4.25561789173947
1.35000000000000	4.45522175956271
1.36000000000000	4.67344120298856
1.37000000000000	4.91305807046247
1.38000000000000	5.17743738863041
1.39000000000000	5.47068864295320
1.40000000000000	5.79788371548289
1.41000000000000	6.16535614455202
1.42000000000000	6.58111945619425
1.43000000000000	7.05546376643421
1.44000000000000	7.60182606202572
1.45000000000000	8.23809275296561
1.46000000000000	8.98860760172417
1.47000000000000	9.88737489198555
1.48000000000000	10.9833793143261
1.49000000000000	12.3498564416258
1.50000000000000	14.1014199471717
1.51000000000000	16.4280917038853
1.52000000000000	19.6695278205589
1.53000000000000	24.4984104418381
1.54000000000000	32.4611389128568
1.55000000000000	48.0784824792191
1.56000000000000	92.6204963167046
1.57000000000000	1255.76559150079
1.58000000000000	-108.649203604843
1.59000000000000	-52.0669696509124
1.60000000000000	-34.2325327355573
1.61000000000000	-25.4947446618117
1.62000000000000	-20.3072820411046
1.63000000000000	-16.8711046885435
1.64000000000000	-14.4270247668177
1.65000000000000	-12.5992647894658
1.66000000000000	-11.1805503545767
1.67000000000000	-10.0471822992103
1.68000000000000	-9.12077093562956
1.69000000000000	-8.34923098447881
1.70000000000000	-7.69660213945916
1.71000000000000	-7.13725720385320
1.72000000000000	-6.65243933731541
1.73000000000000	-6.22810433028402
1.74000000000000	-5.85352801269074
1.75000000000000	-5.52037992250933
1.76000000000000	-5.22209073120911
1.77000000000000	-4.95341020018887
1.78000000000000	-4.71009191611426
1.79000000000000	-4.48866431987332
1.80000000000000	-4.28626167462806
1.81000000000000	-4.10049743252591
1.82000000000000	-3.92936809051060
1.83000000000000	-3.77117930141026
1.84000000000000	-3.62448845334806
1.85000000000000	-3.48805958865231
1.86000000000000	-3.36082767556466
1.87000000000000	-3.24187004461848
1.88000000000000	-3.13038336769221
1.89000000000000	-3.02566496425244
1.90000000000000	-2.92709751467777
1.91000000000000	-2.83413647755868
1.92000000000000	-2.74629966894490
1.93000000000000	-2.66315858222962
1.94000000000000	-2.58433111865041
1.95000000000000	-2.50947546801072
1.96000000000000	-2.43828493274951
1.97000000000000	-2.37048352994376
1.98000000000000	-2.30582223816745
1.99000000000000	-2.24407578152674
2	-2.18503986326152
2.01000000000000	-2.12852877726193
2.02000000000000	-2.07437333860847
2.03000000000000	-2.02241908450457
2.04000000000000	-1.97252470526172
2.05000000000000	-1.92456067173228
2.06000000000000	-1.87840803107984
2.07000000000000	-1.83395734728257
2.08000000000000	-1.79110776647271
2.09000000000000	-1.74976619028174
2.10000000000000	-1.70984654290451
2.11000000000000	-1.67126911971574
2.12000000000000	-1.63396000704412
2.13000000000000	-1.59785056419670
2.14000000000000	-1.56287696007782
2.15000000000000	-1.52897975780457
2.16000000000000	-1.49610354161628
2.17000000000000	-1.46419658113722
2.18000000000000	-1.43321052870019
2.19000000000000	-1.40310014599349
2.20000000000000	-1.37382305676879
2.21000000000000	-1.34533952275589
2.22000000000000	-1.31761224028180
2.23000000000000	-1.29060615539564
2.24000000000000	-1.26428829556331
2.25000000000000	-1.23862761622410
2.26000000000000	-1.21359486069965
2.27000000000000	-1.18916243211837
2.28000000000000	-1.16530427616913
2.29000000000000	-1.14199577363009
2.30000000000000	-1.11921364173413
2.31000000000000	-1.09693584353400
2.32000000000000	-1.07514150451941
2.33000000000000	-1.05381083581738
2.34000000000000	-1.03292506337659
2.35000000000000	-1.01246636259782
2.36000000000000	-0.992417797927429
2.37000000000000	-0.972763266978831
2.38000000000000	-0.953487448790190
2.39000000000000	-0.934575755864618
2.40000000000000	-0.916014289673411
2.41000000000000	-0.897789799333226
2.42000000000000	-0.879889643195380
2.43000000000000	-0.862301753109763
2.44000000000000	-0.845014601147792
2.45000000000000	-0.828017168588347
2.46000000000000	-0.811298916988344
2.47000000000000	-0.794849761175394
2.48000000000000	-0.778660044014342
2.49000000000000	-0.762720512812322
2.50000000000000	-0.747022297238660
2.51000000000000	-0.731556888646430
2.52000000000000	-0.716316120692037
2.53000000000000	-0.701292151157822
2.54000000000000	-0.686477444890502
2.55000000000000	-0.671864757775388
2.56000000000000	-0.657447121672786
2.57000000000000	-0.643217830248852
2.58000000000000	-0.629170425638550
2.59000000000000	-0.615298685883223
2.60000000000000	-0.601596613089759
2.61000000000000	-0.588058422262403
2.62000000000000	-0.574678530761967
2.63000000000000	-0.561451548350612
2.64000000000000	-0.548372267783491
2.65000000000000	-0.535435655911378
2.66000000000000	-0.522636845261054
2.67000000000000	-0.509971126062603
2.68000000000000	-0.497433938694991
2.69000000000000	-0.485020866523321
2.70000000000000	-0.472727629103037
2.71000000000000	-0.460550075728064
2.72000000000000	-0.448484179301434
2.73000000000000	-0.436526030508454
2.74000000000000	-0.424671832273766
2.75000000000000	-0.412917894484933
2.76000000000000	-0.401260628966300
2.77000000000000	-0.389696544687979
2.78000000000000	-0.378222243195738
2.79000000000000	-0.366834414248524
2.80000000000000	-0.355529831651176
2.81000000000000	-0.344305349270641
2.82000000000000	-0.333157897224767
2.83000000000000	-0.322084478233370
2.84000000000000	-0.311082164121932
2.85000000000000	-0.300148092468824
2.86000000000000	-0.289279463387511
2.87000000000000	-0.278473536435667
2.88000000000000	-0.267727627643605
2.89000000000000	-0.257039106654834
2.90000000000000	-0.246405393971966
2.91000000000000	-0.235823958301559
2.92000000000000	-0.225292313991804
2.93000000000000	-0.214808018557312
2.94000000000000	-0.204368670285524
2.95000000000000	-0.193971905919546
2.96000000000000	-0.183615398412465
2.97000000000000	-0.173296854748434
2.98000000000000	-0.163014013826025
2.99000000000000	-0.152764644399557
3	-0.142546543074278
3.01000000000000	-0.132357532351458
3.02000000000000	-0.122195458719605
3.03000000000000	-0.112058190788155
3.04000000000000	-0.101943617460113
3.05000000000000	-0.0918496461402592
3.06000000000000	-0.0817742009756177
3.07000000000000	-0.0717152211250014
3.08000000000000	-0.0616706590545231
3.09000000000000	-0.0516384788560510
3.10000000000000	-0.0416166545856359
3.11000000000000	-0.0316031686190230
3.12000000000000	-0.0215960100213837
3.13000000000000	-0.0115931729284705
3.14000000000000	-0.00159265493640722
3.15000000000000	0.00840754450262360
3.16000000000000	0.0184094256815426
3.17000000000000	0.0284149902390950
3.18000000000000	0.0384262427628677
3.19000000000000	0.0484451923973193
3.20000000000000	0.0584738544595786
3.21000000000000	0.0685142520657669
3.22000000000000	0.0785684177706537
3.23000000000000	0.0886383952234707
3.24000000000000	0.0987262408427809
3.25000000000000	0.108834025513330
3.26000000000000	0.118963836307899
3.27000000000000	0.129117778237234
3.28000000000000	0.139297976031203
3.29000000000000	0.149506575954474
3.30000000000000	0.159745747660032
3.31000000000000	0.170017686084052
3.32000000000000	0.180324613385704
3.33000000000000	0.190668780935657
3.34000000000000	0.201052471357156
3.35000000000000	0.211478000623746
3.36000000000000	0.221947720217873
3.37000000000000	0.232464019354799
3.38000000000000	0.243029327276475
3.39000000000000	0.253646115620235
3.40000000000000	0.264316900867425
3.41000000000000	0.275044246877370
3.42000000000000	0.285830767512303
3.43000000000000	0.296679129359272
3.44000000000000	0.307592054555303
3.45000000000000	0.318572323722498
3.46000000000000	0.329622779020106
3.47000000000000	0.340746327321046
3.48000000000000	0.351945943520777
3.49000000000000	0.363224673986930
3.50000000000000	0.374585640158595
3.51000000000000	0.386032042304761
3.52000000000000	0.397567163451970
3.53000000000000	0.409194373491918
3.54000000000000	0.420917133480455
3.55000000000000	0.432739000140146
3.56000000000000	0.444663630579434
3.57000000000000	0.456694787242281
3.58000000000000	0.468836343103158
3.59000000000000	0.481092287123248
3.60000000000000	0.493466729984904
3.61000000000000	0.505963910122537
3.62000000000000	0.518588200069514
3.63000000000000	0.531344113141969
3.64000000000000	0.544236310482073
3.65000000000000	0.557269608484892
3.66000000000000	0.570448986634852
3.67000000000000	0.583779595779759
3.68000000000000	0.597266766872501
3.69000000000000	0.610916020212877
3.70000000000000	0.624733075224564
3.71000000000000	0.638723860804992
3.72000000000000	0.652894526288955
3.73000000000000	0.667251453070049
3.74000000000000	0.681801266927703
3.75000000000000	0.696550851111460
3.76000000000000	0.711507360238550
3.77000000000000	0.726678235065492
3.78000000000000	0.742071218199693
3.79000000000000	0.757694370822714
3.80000000000000	0.773556090503126
3.81000000000000	0.789665130183812
3.82000000000000	0.806030618436118
3.83000000000000	0.822662081081685
3.84000000000000	0.839569464291952
3.85000000000000	0.856763159285605
3.86000000000000	0.874254028755421
3.87000000000000	0.892053435168536
3.88000000000000	0.910173271097908
3.89000000000000	0.928625991758148
3.90000000000000	0.947424649935893
3.91000000000000	0.966582933523882
3.92000000000000	0.986115205888975
3.93000000000000	1.00603654932791
3.94000000000000	1.02636281189084
3.95000000000000	1.04711065788217
3.96000000000000	1.06829762238088
3.97000000000000	1.08994217015976
3.98000000000000	1.11206375942401
3.99000000000000	1.13468291083654
4	1.15782128234958
4.01000000000000	1.18150175042149
4.02000000000000	1.20574849826448
4.03000000000000	1.23058711184469
4.04000000000000	1.25604468444185
4.05000000000000	1.28214993067333
4.06000000000000	1.30893331099815
4.07000000000000	1.33642716784328
4.08000000000000	1.36466587463874
4.09000000000000	1.39368599921356
4.10000000000000	1.42352648319436
4.11000000000000	1.45422883926626
4.12000000000000	1.48583736840689
4.13000000000000	1.51839939949452
4.14000000000000	1.55196555402650
4.15000000000000	1.58659003907374
4.16000000000000	1.62233097204945
4.17000000000000	1.65925074139830
4.18000000000000	1.69741640792884
4.19000000000000	1.73690015223582
4.20000000000000	1.77777977450884
4.21000000000000	1.82013925402689
4.22000000000000	1.86406937682395
4.23000000000000	1.90966844141825
4.24000000000000	1.95704305417305
4.25000000000000	2.00630902785806
4.26000000000000	2.05759239938046
4.27000000000000	2.11103058554192
4.28000000000000	2.16677369916699
4.29000000000000	2.22498605218047
4.30000000000000	2.28584787736699
4.31000000000000	2.34955730685507
4.32000000000000	2.41633265312418
4.33000000000000	2.48641504791453
4.34000000000000	2.56007150631660
4.35000000000000	2.63759849816958
4.36000000000000	2.71932612754244
4.37000000000000	2.80562304461817
4.38000000000000	2.89690224422240
4.39000000000000	2.99362794351318
4.40000000000000	3.09632378064975
4.41000000000000	3.20558264023395
4.42000000000000	3.32207849498519
4.43000000000000	3.44658076344311
4.44000000000000	3.57997183028079
4.45000000000000	3.72326857294796
4.46000000000000	3.87764900579883
4.47000000000000	4.04448551959322
4.48000000000000	4.22538670302347
4.49000000000000	4.42225044757841
4.50000000000000	4.63733205455119
4.51000000000000	4.87333253296216
4.52000000000000	5.13351443478476
4.53000000000000	5.42185579615642
4.54000000000000	5.74325765783262
4.55000000000000	6.10382826095089
4.56000000000000	6.51127913897133
4.57000000000000	6.97548811519296
4.58000000000000	7.50931745632071
4.59000000000000	8.12983311779856
4.60000000000000	8.86017489564819
4.61000000000000	9.73252248831833
4.62000000000000	10.7929878024308
4.63000000000000	12.1100700935267
4.64000000000000	13.7901191961745
4.65000000000000	16.0076698707263
4.66000000000000	19.0705174409053
4.67000000000000	23.5769055373738
4.68000000000000	30.8639012914957
4.69000000000000	44.6573666340565
4.70000000000000	80.7127629674748
4.71000000000000	418.587822653885
4.72000000000000	-131.385903763443
4.73000000000000	-56.7767589289621
4.74000000000000	-36.2082196967338
4.75000000000000	-26.5754142310002
4.76000000000000	-20.9876682078846
4.77000000000000	-17.3385824205124
4.78000000000000	-14.7679445026102
4.79000000000000	-12.8588874976470
4.80000000000000	-11.3848706542428
4.81000000000000	-10.2121872546271
4.82000000000000	-9.25683054054694
4.83000000000000	-8.46336475784878
4.84000000000000	-7.79373058860346
4.85000000000000	-7.22093154460094
4.86000000000000	-6.72528667594693
4.87000000000000	-6.29210981368615
4.88000000000000	-5.91021957785796
4.89000000000000	-5.57095272996785
4.90000000000000	-5.26749306582674
4.91000000000000	-4.99440407449622
4.92000000000000	-4.74729665972572
4.93000000000000	-4.52258847766951
4.94000000000000	-4.31732671500879
4.95000000000000	-4.12905561799064
4.96000000000000	-3.95571612123335
4.97000000000000	-3.79556885390892
4.98000000000000	-3.64713440839582
4.99000000000000	-3.50914651864626
5	-3.38051500624659
5.01000000000000	-3.26029619674710
5.02000000000000	-3.14766910632598
5.03000000000000	-3.04191612703224
5.04000000000000	-2.94240724940492
5.05000000000000	-2.84858708903210
5.06000000000000	-2.75996415240713
5.07000000000000	-2.67610190375470
5.08000000000000	-2.59661128988810
5.09000000000000	-2.52114445281394
5.10000000000000	-2.44938941558459
5.11000000000000	-2.38106557005679
5.12000000000000	-2.31591982884291
5.13000000000000	-2.25372333012289
5.14000000000000	-2.19426860481326
5.15000000000000	-2.13736713213483
5.16000000000000	-2.08284722283887
5.17000000000000	-2.03055217997034
5.18000000000000	-1.98033869562163
5.19000000000000	-1.93207544908910
5.20000000000000	-1.88564187751976
5.21000000000000	-1.84092709478323
5.22000000000000	-1.79782893812857
5.23000000000000	-1.75625312534467
5.24000000000000	-1.71611250776314
5.25000000000000	-1.67732640662439
5.26000000000000	-1.63982002215059
5.27000000000000	-1.60352390619818
5.28000000000000	-1.56837349064883
5.29000000000000	-1.53430866478386
5.30000000000000	-1.50127339580693
5.31000000000000	-1.46921538746048
5.32000000000000	-1.43808577234752
5.33000000000000	-1.40783883413820
5.34000000000000	-1.37843175632806
5.35000000000000	-1.34982439463269
5.36000000000000	-1.32197907046397
5.37000000000000	-1.29486038324350
5.38000000000000	-1.26843503957816
5.39000000000000	-1.24267169755565
5.40000000000000	-1.21754082462056
5.41000000000000	-1.19301456766818
5.42000000000000	-1.16906663414728
5.43000000000000	-1.14567218309774
5.44000000000000	-1.12280772516715
5.45000000000000	-1.10045103075405
5.46000000000000	-1.07858104551677
5.47000000000000	-1.05717781256716
5.48000000000000	-1.03622240073931
5.49000000000000	-1.01569683838638
5.50000000000000	-0.995584052213885
5.51000000000000	-0.975867810707363
5.52000000000000	-0.956532671755866
5.53000000000000	-0.937563934112017
5.54000000000000	-0.918947592363762
5.55000000000000	-0.900670295124278
5.56000000000000	-0.882719306173953
5.57000000000000	-0.865082468313313
5.58000000000000	-0.847748169707917
5.59000000000000	-0.830705312526283
5.60000000000000	-0.813943283689700
5.61000000000000	-0.797451927569064
5.62000000000000	-0.781221520478249
5.63000000000000	-0.765242746826801
5.64000000000000	-0.749506676806392
5.65000000000000	-0.734004745496333
5.66000000000000	-0.718728733282989
5.67000000000000	-0.703670747496816
5.68000000000000	-0.688823205178627
5.69000000000000	-0.674178816893932
5.70000000000000	-0.659730571520776
5.71000000000000	-0.645471721942446
5.72000000000000	-0.631395771581870
5.73000000000000	-0.617496461719489
5.74000000000000	-0.603767759540864
5.75000000000000	-0.590203846864490
5.76000000000000	-0.576799109503960
5.77000000000000	-0.563548127222161
5.78000000000000	-0.550445664238294
5.79000000000000	-0.537486660251402
5.80000000000000	-0.524666221946799
5.81000000000000	-0.511979614954161
5.82000000000000	-0.499422256228315
5.83000000000000	-0.486989706825810
5.84000000000000	-0.474677665052276
5.85000000000000	-0.462481959957248
5.86000000000000	-0.450398545154819
5.87000000000000	-0.438423492949888
5.88000000000000	-0.426552988751212
5.89000000000000	-0.414783325753652
5.90000000000000	-0.403110899873226
5.91000000000000	-0.391532204919610
5.92000000000000	-0.380043827991763
5.93000000000000	-0.368642445083235
5.94000000000000	-0.357324816884594
5.95000000000000	-0.346087784771166
5.96000000000000	-0.334928266965048
5.97000000000000	-0.323843254860991
5.98000000000000	-0.312829809506418
5.99000000000000	-0.301885058226365
6	-0.291006191384749
6.01000000000000	-0.280190459273786
6.02000000000000	-0.269435169123909
6.03000000000000	-0.258737682226941
6.04000000000000	-0.248095411165646
6.05000000000000	-0.237505817143242
6.06000000000000	-0.226966407406689
6.07000000000000	-0.216474732757986
6.08000000000000	-0.206028385147923
6.09000000000000	-0.195624995347092
6.10000000000000	-0.185262230689133
6.11000000000000	-0.174937792881503
6.12000000000000	-0.164649415879185
6.13000000000000	-0.154394863817082
6.14000000000000	-0.144171928996879
6.15000000000000	-0.133978429924449
6.16000000000000	-0.123812209393972
6.17000000000000	-0.113671132615092
6.18000000000000	-0.103553085379593
6.19000000000000	-0.0934559722641609
6.20000000000000	-0.0833777148659286
6.21000000000000	-0.0733162500676012
6.22000000000000	-0.0632695283290370
6.23000000000000	-0.0532355120022491
6.24000000000000	-0.0432121736668452
6.25000000000000	-0.0331974944830114
6.26000000000000	-0.0231894625591689
6.27000000000000	-0.0131860713314965
6.28000000000000	-0.00318531795253189
